"id","title","content","created_at","updated_at","user_id"
1,"てっく","えきすぱーと","2020-01-19 07:23:40","2020-01-19 07:23:40",1
